id,title,relaxed,excited,loneliness,depression,annoyance,regret,unfairness,fear,stress,worry
1,Last Dance (Prod. GroovyRoom),9.9,6.21,2.83,21.96,1.16,21.01,3.74,8.06,3.55,21.57
2,LATATA,21.89,18.1,2.72,2.27,2.27,9.91,12.74,12.09,2.06,15.93
3,MORE,8.39,9.37,2.65,1.75,22.04,5.12,1.63,16.31,16.11,16.63
4,Oh my god,10.63,24.18,5.03,15.85,4.48,5.86,24.43,2.48,4.65,2.4
5,Senorita,21.21,20.91,15.31,2,15.67,10.09,5.62,3.29,3.3,2.59
6,TOMBOY,1.7,11.45,10.39,3.83,8,12.31,5.76,18.53,25.27,2.76
7,Uh-Oh,6.86,4.6,20.02,2.36,23.12,4.42,18.64,5.1,11.96,2.93
8,덤디덤디 (DUMDi DUMDi),22.07,16.58,3.11,9.68,10.27,4.47,1.62,8.3,1.98,21.93
9,한,8.79,0.18,15.32,2.68,15.07,20.21,13.26,1.42,12.21,14.86
10,사랑해,7.92,12.98,3.69,2.28,18.35,17.21,6.27,22.14,3.87,5.29
11,화,4.26,4.92,5.14,25.3,5.31,24,12.75,3.87,5.79,3.65
12,MAZE,10.23,10.93,22.85,4.54,17.95,11.76,3.47,10.82,5.89,1.56
13,MOON,12.78,13.53,17.32,23.92,1.43,8.79,3,7.08,4.16,7.98
14,싫다고 말해,11.68,12.92,3.41,18.92,1.36,22.88,5.85,7.18,5.78,10.03
15,DON`T TEXT ME,13.22,4.06,12.58,17.94,9.25,21.84,2.83,9.05,6.33,2.88
16,MY BAG,13.32,24.86,2.66,15,19.26,9.23,3.37,2.47,4.28,5.54
17,LION,1.12,10.72,14.56,10.71,3.57,13.22,4.91,25.38,10.22,5.59
18,POP/STARS,15.25,25.36,4.45,12.18,3.42,11.58,2.48,11.66,2.45,11.16
19,너가없는노래 (Feat. 에릭남),6.07,3.76,4.69,8.14,19.42,23.41,3.28,4.43,17.31,9.51
20,I Don't Care,16.82,13.59,1.57,20.7,2.67,2.87,4.71,19.83,12,5.24
21,In The Club,2.81,6.65,6.92,25,4.77,24.76,2.39,4.49,17.93,4.27
22,Let's Go Party,3.16,2.73,23.73,10.59,14.33,10.83,3.15,9.43,11.63,10.42
23,Pretty Boy,3.05,15.24,4.32,8.43,19.88,20.2,2.08,15.16,5.16,6.48
24,Stay Together,4.49,14.01,10.74,28.01,7.47,10.32,5.59,4.39,4.8,10.18
25,Hate You,2.61,1.32,1.6,1.71,19.79,10.91,18.39,3.45,22.83,17.41
26,UGLY,1.64,14.22,2.78,2.08,18.89,15,20.76,5.22,18.07,1.34
27,Don`t Stop The Music,14.96,18.76,12.69,18.21,4.29,1.4,6.08,9.23,0.25,14.13
28,Crush,9.89,27.57,5.33,12.35,6.42,11.94,3.71,5.68,5.41,11.7
29,Come Back Home,3.29,13.79,11.58,26.28,7.08,18.95,5.48,4.47,4.11,4.96
30,너 아님 안돼,1.75,19.03,21.77,22.68,1.86,5.88,9.75,10.22,4.06,3
31,살아 봤으면 해,1.85,18.74,1.01,16.39,6.07,10.33,3.19,17.81,19.43,5.18
32,착한 여자,16.23,5.91,8.62,17.75,4.19,8.31,3.77,5.64,26.08,3.49
33,멘붕 (CL Solo),19.62,23.8,1.32,2.48,4.29,2.97,3.46,12.41,5.79,23.87
34,Happy,5.29,12.1,5.58,22.84,6.12,24.93,3.98,2.79,11.22,5.14
35,Scream,10.26,24.77,4.11,5.97,26.03,5.01,5.38,10.02,4.75,3.69
36,Baby I Miss You,8.24,17.96,6.77,5.5,6.66,23.3,4.77,11.81,4.28,10.71
37,Come Back Home (Unplugged Ver.),3.34,6.47,22.68,26.45,5.54,14,10.38,3.69,3.18,4.28
38,DO YOU LOVE ME,4.89,23.53,2.31,14.33,11.17,11.75,2.93,2.95,2.68,23.47
39,Falling In Love,21.85,8.89,0.73,6.23,3.57,1.71,8.25,9.46,21.15,18.15
40,Fire,19.89,21.72,1.97,19.85,7.06,2.27,3.8,9.91,4.96,8.57
41,I Don`t Care (Reggae Mix Ver.),1.94,3.59,9.4,5.21,26.4,14.94,5.46,3.94,26.44,2.69
42,I Love You,22.32,12.54,6.44,4.51,8.5,12.35,4.96,9.57,6.45,12.36
43,Lonely,4.69,1.29,21.04,20.21,18.87,12.56,10.96,7.48,1.9,1
44,Can`t Nobody,19.61,23.97,2.25,2.63,9.94,17.18,1.77,7.9,9.41,5.33
45,Go Away,1.34,19.45,17.1,5.89,15.9,20.67,4.77,5.11,3.7,6.07
46,박수쳐,6.18,21.85,13.97,2.36,6.83,2.78,18.47,15.47,0.81,11.27
47,난 바빠,5.13,18.68,5.23,2.45,25.66,4.79,9.35,9.85,11.78,7.09
48,아파 (Slow),15.62,8.69,1.81,17.34,0.52,17.97,0.53,9.33,10.86,17.33
49,사랑은 아야야,4.68,19.11,9.25,7.29,17.48,20.53,1.68,1.91,17.22,0.86
50,그리워해요,24,3.36,24.27,23.52,4.19,2.54,3.3,5.74,5.01,4.06
51,내가 제일 잘 나가,12.85,23.89,5.28,3.3,17.1,3.49,4.54,1.15,5.74,22.65
52,안녕,2.26,4.83,23,2.96,12.82,6.67,24.96,5.56,4.49,12.45
53,오늘 뭐해,10.36,20.65,11.6,5.05,17.93,14.25,0.87,0.96,15.61,2.7
54,거울아 거울아,1.66,24.53,8.77,12.37,24.04,9.64,5.56,5.02,5.56,2.84
55,Muzik,15.22,25.07,5.75,3.4,16.39,8.67,6.92,3.86,1.47,13.24
56,HUH,21.19,21.9,3.68,2.26,11.14,10.34,1.96,21.88,3.64,2.02
57,Hot Issue,7.3,25.27,6.16,4.83,18.23,4.82,3.78,13.39,6.06,10.17
58,이름이 뭐예요?,20.14,18.95,11.3,0.87,6.74,16.98,2.12,12.81,2.46,7.64
59,Volume Up,4.5,12.3,4.23,2.6,21.82,23.35,4.7,5.54,13.46,7.5
60,6월부터 1월까지,4.05,13.13,11.49,22.87,3.58,23.8,3.37,3.33,12.1,2.28
61,I Dream,25.41,14.08,3.86,12.36,3.24,16.03,2.04,5.84,4.83,12.3
62,Somebody,1.36,17.12,21.44,13.5,10.55,19.31,4.3,1.83,9.12,1.47
63,Star,27.24,23.76,7.21,5.76,4.28,13.85,3.49,6.49,3.47,4.45
64,Sugar,21.95,19.07,4.69,7.76,2.16,13.6,14.3,3.94,9.88,2.65
65,Shy Ma Boy,2.15,18.43,2.86,9.15,2.03,19.06,12.37,16.23,4.76,12.96
66,Oh My God,3.78,3.18,9.74,23.82,1.68,14.32,2.3,5.95,24.66,10.58
67,Rain & Cry,1.62,9.61,21.14,23.03,6.24,19.84,1.38,1.37,13.57,2.22
68,Not Today Not Tomorrow,2.54,8.01,9.85,3.22,22.36,21.51,8.04,20.27,3.64,0.56
69,Silly Boy,18.88,3.68,24.12,4.51,3.42,1.42,20.31,5.8,14,3.86
70,사랑은 미친짓 (Feat. 칸토 of 트로이),1.29,7.03,10.81,15.74,15.47,19.26,14.32,1.41,13.54,1.12
71,티가 나나봐,21.85,15.98,1.19,10.35,6.94,15.52,2.92,12.2,7.5,5.55
72,Best Lover,7.72,17.02,3.35,1.52,3.46,20.1,3.53,14.63,7.67,21.01
73,The Weekend,2.73,19.53,23.2,2.82,10.31,12.14,1.64,3.72,6.31,17.59
74,BREATHE,24.36,22.07,1.59,4.66,4.38,14.58,2.41,10.68,6.74,8.53
75,Make You Feel My Love,18.02,9.59,14.87,3,4.39,5.19,18.19,1.4,6.71,18.64
76,Black Mamba,14.77,3.15,8.86,8.22,27.16,14,9.43,4.46,3.64,6.32
77,Dreams Come True,18.32,11.39,2.14,15.14,2.39,14.51,6.49,10.74,2.97,15.91
78,Girls,4.72,21.02,2.29,5.73,21.41,20.44,1.18,6.42,15.48,1.31
79,Next Level,12.45,24.54,3.15,3.21,15.63,5.53,2.31,3.14,10.79,19.25
80,Savage,12.25,20.89,2.31,6.44,2.88,17.73,1.31,22.36,9.02,4.83
81,I'll Make You Cry,5.23,17.48,4.8,10.35,4.09,2.61,2.63,18.11,22.58,12.12
82,YEPPI YEPPI,1.88,22.64,2.45,3.65,23.71,3.23,12.66,4.29,23.52,1.96
83,ICONIC,9.18,25.54,6.08,5.64,25.54,3.64,6.85,4.9,5.64,6.95
84,자각몽 (Lucid Dream),8.56,5.49,0.83,2.1,14.05,18.44,1.22,18.49,13.88,16.94
85,HAPPENING,16.5,10.47,4.98,10.32,1.74,21.39,1.62,13.89,2.81,16.28
86,뱃노래,2.33,10.27,19.71,11.03,18.51,14.05,0.46,1.43,13.78,8.43
87,물 만난 물고기,3.75,16.6,22.95,15.96,8.19,9.71,1.66,2.62,16.1,2.45
88,"어떻게 이별까지 사랑하겠어, 널 사랑하는 거지",0.82,11.96,23.69,23.93,16.48,6.73,6.85,2.83,5.5,1.21
89,달,6.73,13.2,5.25,26.38,4.74,23.51,7.43,3.34,5.48,3.94
90,FREEDOM,2.27,9.65,13.25,4.52,20.82,21.76,1.49,1.89,9.7,14.63
91,더 사랑해줄걸,15.43,7.44,10.63,8.2,6.03,24.24,3.15,6.66,10.7,7.53
92,고래,2.4,18.55,3.33,12.05,22.2,7.08,0.83,0.56,21.83,11.18
93,밤 끝없는 밤,20.8,3.14,4.63,4.63,14.81,7.19,15.3,8.46,20.3,0.75
94,작별 인사,21.95,5.74,22.03,1.55,14.15,17.48,2.45,3.79,10.41,0.45
95,시간을 갖자,3.33,13.72,5.87,23.3,13.27,22.66,2.15,2.15,1.19,12.36
96,전쟁터 (With 이선희),10.83,21.11,2.02,21.48,5.72,16.95,3.4,6.42,0.61,11.46
97,낙하 (With 아이유),23.94,20.87,6.98,17.87,3.33,9.62,2.83,2.86,9.42,2.27
98,BENCH (With Zion.T),19.86,20.19,9.41,9.01,15,6.95,0.32,3.58,14.64,1.05
99,째깍 째깍 째깍 (With Beenzino),2.39,14.85,3.5,6.08,23.11,13.73,8.88,4.3,22.69,0.47
100,맞짱 (With 잔나비 최정훈),0.89,5.58,8.43,25.03,10.85,24.87,5.07,2.26,12.88,4.14
101,Stupid love song (With Crush),0.64,10.93,18.63,18.18,2.35,18.07,1.15,14.64,5.53,9.88
102,EVEREST (with Sam Kim),5.15,26.86,5.5,6.52,20.44,8.78,9.84,5.11,4.46,7.34
103,2002,8.93,21.27,4.91,2.86,11.03,6.14,0.51,9.97,14.13,20.25
104,빙글뱅글 (Bingle Bangle),3.97,4.67,4.06,3.9,22.6,2.37,16.06,20.82,12.29,9.26
105,심쿵해 (Heart Attack),2.14,17.39,7.1,1.31,20.73,20.67,7.1,17.15,2.05,4.36
106,GET OUT,1.99,20.19,0.94,3.21,19.43,2.79,2.35,11.72,20.27,17.11
107,단발머리 (Short Hair),27.15,22.12,2.64,2.57,8.36,1.97,3.03,12.29,2.07,16.8
108,짧은 치마 (Miniskirt),2.53,21.83,23.22,5.12,7.37,7.72,4.13,3.16,23.16,1.76
109,너나 해 (Egotistic),9.49,16.92,6.01,4.44,16.46,22.42,1.56,8.29,8.77,5.65
110,BUBIBU (Remix Ver.),19.43,14.72,2.78,1.89,22.1,2.73,4.4,6.71,6.99,18.24
111,Good Morning Baby,21.25,19.33,4.98,6.16,1,17.57,9.13,4.31,5.8,10.49
112,Mr. Chu (On Stage),16.14,18.69,1.24,16.55,1.07,18.68,3.84,6.44,9.96,7.4
113,LUV,5.29,5.65,25.47,21.15,6.59,14.76,12.68,2.29,2.63,3.48
114,Remember,23.93,14.49,10.63,22.85,3.88,10.66,2.96,1.44,2.13,7.03
115,NoNoNo,23.41,14.27,7.31,13.36,3.22,16.69,3.09,5.66,5.55,7.43
116,몰라요,0.67,1.04,17.08,14.2,15.28,20.11,3.92,3.51,20.85,3.34
117,My My,23.75,23.13,1.17,4.59,3.17,16.08,2.77,1.98,5.88,17.47
118,NoNoNo (Ballad Ver.),7.11,20.47,22.68,18.15,2.45,16.67,4.46,2.56,3.68,1.78
119,LUV (Ballad Ver.),6.79,18.51,12.08,21.42,2.02,17.95,11.5,2.29,6.55,0.89
120,Dilemma,2.77,20.87,9.89,2.46,21.68,10.35,10.63,11.21,8.93,1.23
121,1도 없어,4.6,13.23,0.98,17.39,5.17,13.67,21.61,3.49,11.62,8.24
122,FIVE,21.11,15.6,3.73,1.7,19.16,14.1,3.39,1.5,8.24,11.49
123,Side To Side (Feat. Nicki Minaj),8.55,17.51,10.14,11.64,8.45,9.23,11.79,6.07,10.37,6.25
124,Problem (Feat. Iggy Azalea),20.9,18.44,3.41,5.87,3.16,14.64,2.55,6.64,2.45,21.95
125,Santa Tell Me,10.64,11.03,20.62,3.88,1.39,16.29,1.08,8.68,5.28,21.11
126,"thank u, next",16.03,13.6,4.86,23.27,2.41,8.06,1.58,9.73,6.65,13.81
127,Paranoid,2.34,5.83,14.11,15.25,13.15,5.78,22.39,10.47,9.3,1.38
128,발할라 (Valhalla) (Feat. Hash Swan & Yami Tommy),6.13,23.65,1.72,6.34,20.44,2.46,2.94,7.67,24.07,4.59
129,Error (Feat. Loopy),4.33,22.15,6.01,2.39,10.88,13.94,1.81,17.9,5.17,15.41
130,악몽,3.89,7.83,7.24,28.16,13.97,6.88,10.77,6.9,8.01,6.36
131,Paranoid Remix (Feat. CHANGMO & Paul Blanco),4.72,16.46,2.31,16.57,4.35,20.69,22.9,3.65,6.78,1.57
132,걸어본다,6.13,6.99,15.89,14.1,3.57,23.16,14.45,6.62,4.58,4.51
133,잘자요 굿나잇,17.39,2.26,6.1,0.71,15.72,21.28,4.76,3.45,16.3,12.02
134,Lonely (없구나),3.25,11.98,23.99,14.71,19.08,8.35,1.89,2.29,11.72,2.73
135,Break,2.7,9.18,5.91,4.83,20.48,9.18,10.18,7.89,19.96,9.69
136,Counting Stars (Feat. Beenzino),24.32,16.24,2.35,4.33,8.04,3.57,22.65,1.29,3.24,13.97
137,리무진 (Feat. MINO) (Prod. by 그레이 (GRAY)),3.87,6.53,9.46,18.5,19.95,18.65,5.22,7.08,2.23,8.51
138,The Time Goes On,2.84,22.9,2.33,23.61,12.95,21.62,2.35,2.98,4.99,3.42
139,Joker (Feat. JAMIE),6.14,5.29,7.62,23.37,3.8,24.55,2.85,5.2,8.25,12.93
140,This Love,2.96,3.76,5.96,26.86,5.71,7.36,5.92,5.62,26.16,9.67
141,IF YOU,1.5,5.7,24.27,22.6,4.28,19.02,8.69,3.36,7.45,3.13
142,마지막 인사,8.14,14.44,18.93,2.6,14.84,3.08,8.62,20.22,5.6,3.53
143,Last Dance (Prod. GroovyRoom),3.99,10.93,8.01,25.58,2,4.67,16.57,8.99,7.71,11.54
144,꽃 길,22.51,10.23,9.96,7.76,2.9,22.5,1.11,3.86,1.48,17.68
145,bad guy,12.59,12.29,0.83,8.97,2.87,2.49,23.85,9.07,16.9,10.14
146,How You Like That,1.89,7.42,17.85,22.2,1.9,11.94,6.22,14.87,0.79,14.92
147,Ice Cream (with Selena Gomez),22.13,21.81,18.9,3.7,4.38,3.88,7.18,7.88,3.34,6.8
148,Kill This Love,15.4,16.36,1.42,19.07,1.22,17.12,0.63,0.87,16.36,11.55
149,Don`t Know What To Do,12.35,8.14,8.89,4.44,11.93,22.49,9.79,11.04,8.99,1.94
150,Kick It,1.5,14.57,2.63,17.49,20.12,19.83,7.68,1.67,12.34,2.16
151,아니길 (Hope Not),5.06,6.27,14.49,10.21,12.85,24.05,4.64,3.08,10.24,9.1
152,휘파람,19.53,11.48,0.76,8.35,6,19.11,5.89,10.08,0.46,18.33
153,붐바야,2.93,11.77,2.85,9.28,19.99,13.14,1.13,12.89,22.11,3.92
154,불장난,7.41,15.02,2.85,2.93,7.23,12.79,2.01,22.93,5.85,20.97
155,STAY,2.67,4.48,19.85,8.19,3.71,1.2,14.29,19.94,15.07,10.6
156,휘파람 (Acoustic Ver.),20.94,9.15,0.93,5.97,13.44,10.52,2.73,20.53,0.79,15
157,뚜두뚜두 (DDU-DU DDU-DU),1.61,22.88,4.01,6.2,22.89,17.14,1.32,9.6,9.92,4.45
158,Forever Young,5.6,24.93,5.17,23.7,3.78,19.03,5.88,3.84,1.92,6.14
159,Really,7.87,24.35,7.37,5.93,15.26,24.01,3.32,1.4,3.87,6.61
160,See U Later,0.87,12.15,4.11,14.62,20.8,20.95,6.01,1.91,17.53,1.05
161,Pretty Savage,23.06,23.39,2.71,1.05,2.91,5.04,5.77,6.39,11.29,18.4
162,Bet You Wanna (Feat. Cardi B),9.11,23.61,2.79,6.54,3.64,11.71,2.67,11.16,5.37,23.42
163,Lovesick Girls,6.44,7.63,13.71,20.47,2.85,8.9,3.06,20.05,8.98,7.91
164,Crazy Over You,7.75,5.7,22.9,14.9,1.12,22.37,6.52,3.62,2.69,12.43
165,Love To Hate Me,9.29,12.43,10.51,23.04,1.98,16.56,9.8,2.36,3.84,10.2
166,You Never Know,17.3,18.05,2.33,17.8,0.5,19.33,0.74,4.19,2.1,17.66
167,마지막처럼,2.54,12.37,24.22,10.74,5.82,2.14,4.76,24.12,9.37,3.92
168,물들어,0.91,4.68,20.18,21.98,3.67,13.01,1.36,5.76,20.4,8.05
169,꽃피는 봄이오면,0.76,7.15,10.89,24,5.02,12.39,3.81,8.8,21.32,5.86
170,L4L (Lookin` For Luv) (Feat. Dok2 & The Quiett),15.6,23.24,1.48,22.75,15.29,9.32,1.31,3.92,4.12,2.97
171,"Feels (Feat. Pharrell Williams, Katy Perry & Big Sean)",20.49,13.56,1.2,15.8,1.82,9.46,5.49,4.77,10.66,16.75
172,Havana (Feat. Young Thug),18.94,8.3,8.71,2.75,1.16,4.95,15.34,15.69,2.66,21.51
173,"Don`t touch me, plz (Prod.공기남)",21.88,11.96,3.49,6.48,16.94,11.87,5.77,5.82,7.21,8.58
174,regretful (feat. SHIRT),4.03,9.64,6.93,25.25,6.41,25.61,2.59,2.61,12.32,4.6
175,겨울공원 (feat. SHIRT),23.36,23.34,1.35,10.71,3.63,4.32,1.57,21.56,6.16,4.01
176,겨울에 (Prod.공기남),26.32,22.41,9.61,3.73,11.71,10.74,2.34,3.84,5.93,3.37
177,수족냉증,3.85,10.96,19.26,22.94,6.98,13.03,4.93,4.3,3.66,10.09
178,예쁘게 말하는 게,9.76,24.04,5.67,23.13,1.95,10.24,9.73,3.56,8.08,3.83
179,CINEMA,17.44,3.98,11.5,6.92,3.18,11.98,14.68,8.71,16.6,5.01
180,I like it,15.35,16.92,20.46,9.83,3.51,6.06,0.61,2.48,5.88,18.91
181,I don't want no champagne,19.1,16.82,2.7,4.77,5.01,6.68,4.69,9.27,6.15,24.81
182,Dance with me,16.35,13.85,12.05,10.02,0.59,12.1,13.3,4.32,6.07,11.36
183,너 없인 안돼,3.39,10.46,17.11,18.11,8.27,14.09,8.04,8,6.15,6.37
184,서로에게 가까이,21.06,16.87,8.79,3.84,15.9,1.55,10.34,8.43,11.62,1.6
185,산책,23.49,12.57,4.12,2.97,20.05,20.66,4.88,4.84,4.7,1.73
186,Need You,16.72,21.5,1.3,3.11,11.28,8.89,6.74,12.55,3.99,13.92
187,Just Friends,22.51,22.17,7.44,17.26,12.04,2.09,0.91,5.95,5.93,3.69
188,Real Or Not,19.3,19.18,1.1,13.23,2.87,5.37,4.01,16.27,1.49,17.18
189,Hold Me Like You Mean It,20.58,20.44,8.08,7.58,11.36,16.21,4.11,1.99,8.41,1.24
190,Honey,23.03,23.48,10.26,3.46,1.26,11.47,3.24,8.48,2.06,13.24
191,In My Dream,21.31,13.04,6.79,4.66,4.83,12.65,1.89,12.79,9.39,12.67
192,Take Me Tonight,3.96,18.93,11.22,9.59,2.62,22.73,3.55,7.91,10.27,9.21
193,New,24.54,24.42,1.92,8.56,1.63,4.05,5.42,3.4,3.99,22.06
194,Butter,14.32,23.16,23.41,2.03,7.17,3.78,11.37,9.01,3.57,2.18
195,랑데뷰 (Rendezvous),3.33,1.14,18.26,21.28,5.19,6.96,2.03,10.35,20.52,10.92
196,어색해 (Awkward),1.75,6.22,15.28,11.2,15.92,18.63,3.02,5.04,20.25,2.7
197,Runaway,3.82,4.6,3.87,12.86,18.52,6.64,6.77,17,15.54,10.38
198,Secret,13.26,26.38,6.29,11.18,4.89,18.29,4.34,3.9,2.23,9.25
199,Stranger,1.75,17.5,21.17,19.69,7.79,17.36,3.81,0.82,5.82,4.29
200,Sugar,19.1,7.64,9.15,2.51,10.43,4.97,14.7,15.26,14.83,1.41
201,그래야만 했냐,12.79,23.9,3.64,9.48,7.5,10.43,7.09,3.61,16.47,5.08
202,Hello Bitches,7.52,25.82,7.33,2.59,25.59,14.78,2.83,4.4,3.61,5.53
203,SPICY,2.4,14.19,1.53,16.95,12.63,4.3,11.7,1.47,21.1,13.74
204,나쁜 기집애,15.6,22.75,7.59,2.09,15.29,3.86,21.78,4.45,0.78,5.82
205,대체 뭐부터 문제인가,8.77,16.62,7.87,17.47,0.76,19.05,12.31,4.86,0.76,11.52
206,We’re gone (Feat. ASH ISLAND),6.66,1.41,19.63,2.41,16.73,20.49,15.52,5.25,9,2.9
207,"일상다반사 (Feat. OLNL, BIG Naughty (서동현))",4.06,6.56,18.5,2.58,22.44,14.1,3.31,4.4,22.5,1.54
208,"Can I Love ? (Feat. 유라(youra), Meego)",11.76,21.94,3.85,7.76,2.2,5.83,3.53,22.44,18.05,2.65
209,우아해 (woo ah),4.56,25.6,5.37,6.97,18.63,19.79,3.69,4.81,4.5,6.09
210,Oasis (Feat. ZICO),17.63,25.36,4.05,8.01,4.79,7.32,3.01,2.65,24.69,2.49
211,SOFA,4.77,7.71,3.96,25.59,3.28,25.62,11.27,5.33,2.07,10.4
212,놓아줘 (with 태연),6.8,9.02,6.79,24.88,3.63,23.79,1.58,3.42,15.93,4.17
213,She Said (with 비비 (BIBI)),2.24,17.48,9.06,1.3,17.89,18.95,8.17,11.82,12.33,0.75
214,Cereal (Feat. ZICO),23.23,20.71,9.14,4.64,6.16,12.78,6.49,4.95,3.66,8.24
215,어떻게 지내,19.08,3.66,19.09,22,1.53,4.08,2.08,2.32,21.79,4.37
216,가끔,4.58,22.54,4.64,23.91,2.85,23.55,5.02,2.29,8.54,2.08
217,나빠(NAPPA),4.98,9.05,1.56,6.82,18.38,20.79,2.15,1.05,13.68,21.53
218,잊어버리지마 (Feat. 태연),3.39,8.67,16.62,8.98,9.54,20.69,9.46,14.27,6.53,1.83
219,아마도 그건,3.01,7.95,6.18,27.26,5.34,9.41,3.49,8.84,15.26,13.27
220,Congratulations,2.12,5.83,19.7,14.47,2.28,24.69,7.88,15.81,3.95,3.26
221,Color,1.88,7.47,7.29,22.4,2.31,22.1,18.93,1.44,14.26,1.91
222,D (half moon) (Feat. 개코),8.08,7.09,3.83,11.05,22.94,9.48,5.94,3.38,20.11,8.1
223,instagram,1.91,3.13,14.22,10.61,11.55,9.09,14.28,9.27,7.94,18.01
224,불청객,13.76,23.39,7.9,13.16,9.68,23.44,2.12,2.58,2.35,1.62
225,"what2do (Feat. Crush, Jeff Bernat)",12.15,8.92,16.32,19.1,1.85,5.27,10.37,1.29,9.19,15.53
226,풀어 (Pour Up) (Feat. 지코 (ZICO)),3.56,7.34,11.91,22.62,6.6,23.3,11.06,1.1,2.24,10.27
227,"하루살이 (feat. 설리, Rad Museum)",1.82,19.95,4.01,8.13,7.08,21.37,21.16,7.55,8.11,0.81
228,그 길에서,10.54,15.94,15.02,19.01,2.6,20.28,6.05,3.55,3.61,3.4
229,Physical (feat. 화사),2.95,14.82,1.78,8.83,18.49,7.05,2.04,23.23,17.73,3.08
230,해가 지기 전에,2.56,12.15,25.56,26.18,5.15,10.77,3.1,5.1,5.76,3.65
231,"유후 (You, Who?)",5.85,20.44,12.57,4.19,18.36,20.1,0.49,1.99,11.23,4.78
232,꿈에 (솔지 SOLO) (2018 Remastering Ver.),11.9,11.28,10.06,26.73,4.69,7.81,9.71,7.25,6.34,4.24
233,아예 (Ah Yeah),1.12,7.92,6.81,10.43,14.24,19.81,17.3,16.35,5.03,0.98
234,아슬해,1.93,12.2,12.35,3.16,12.6,11.02,10.82,10.38,6.97,18.57
235,낮보다는 밤,19.47,18.88,15,4.44,12.26,6.79,1.86,5,15.77,0.52
236,WHOZ THAT GIRL,4.61,6.93,3.28,24.06,2.02,21.07,1.57,4.16,20.86,11.45
237,HOT PINK,8.41,20.07,5.18,4.72,15.02,12.06,5.79,18.08,6.41,4.27
238,ME&YOU,19.56,16.41,2.63,3.26,1.84,5.71,1.44,19.76,22.04,7.34
239,내일해,9.6,20.46,9.71,1.63,14.27,19.04,0.91,3.05,3.52,17.8
240,매일밤,8.91,9.25,13.21,17.02,1.83,10.28,3.55,17.73,13.25,4.97
241,위아래,0.63,12.76,11.17,17.71,21.74,4.22,12.04,1.8,15.44,2.49
242,Tempo,5.18,23.34,6.74,21.24,7.1,22.73,2.13,1.19,5.29,5.06
243,LOVE ME RIGHT,23.28,22.81,2.65,1.26,5.23,5.53,1.4,21.38,2.08,14.38
244,Love Shot,9.7,12.65,4.57,24.95,4.08,6.43,25.08,3.82,2.52,6.2
245,불공평해 (Unfair),17.03,9.82,0.57,16.2,4.26,13.7,10.16,10.95,10.92,6.39
246,으르렁 (Growl),7.49,20.59,0.91,1.33,6.14,13.55,1.69,20.16,8.56,19.56
247,나비소녀 (Don`t Go),22.45,5.27,2.99,18.59,1.9,5.99,6.46,14.24,2.47,19.63
248,3.6.5,22.24,16.95,8.04,5.96,7.76,18.23,4.76,3.26,2.06,22.74
249,피터팬 (Peter Pan),20.03,21.47,4.14,2.3,11.75,10.07,3.21,3.18,6.28,5.57
250,CALL ME BABY,4.79,20.61,10.34,2.63,2.82,8.92,1.86,19.62,19.66,8.75
251,PLAYBOY,21.29,16.5,1.2,5.37,1.68,21.31,5.29,5.51,3.06,18.79
252,Ko Ko Bop,21.09,13.07,3.03,4.45,18.87,11.67,7,9.12,10.69,1
253,12월의 기적 (Miracles In December),13.6,1.85,3.83,1.36,11.41,8.9,17.76,3.22,18.52,19.55
254,Christmas Day,26.63,7.06,8.58,9.53,10.19,17.82,4.18,6.85,3.17,5.98
255,첫 눈,8.38,21.59,7.4,14.1,2.87,24.19,6.11,4.29,5.74,5.32
256,중독 (Overdose),4.51,19.46,4.16,6.21,4.4,22.87,10.6,3.41,22.83,1.54
257,Chu~♡,13.91,21.21,1.36,10.86,7.07,0.69,20.29,13.14,1.97,9.49
258,Hot Summer,3.5,14.81,1.9,3.84,21.08,4.42,6.85,12.81,25.37,5.44
259,첫 사랑니 (Rum Pum Pum Pum),1.85,16.21,9,2.08,22.53,16.43,1.94,7.71,20.18,2.07
260,미행 (그림자: Shadow),22.57,19.52,16.62,5.52,2.69,10.55,5.21,4.4,2.68,10.24
261,Goodbye Summer (Feat. D.O. Of EXO),5.72,7.1,10.79,13.43,6.71,24.97,20.47,3.26,5.41,2.16
262,Airplane,7.55,16.77,9.87,11.12,5.97,4.61,5.11,24.31,4.06,10.65
263,피노키오 (Danger),9.43,19.49,3.87,4.84,10.12,4.86,17.29,10.11,16.72,3.26
264,All Mine,18.7,23.14,0.61,5.96,2.74,10.93,16.64,5.14,5.18,10.97
265,MILK,4.03,22.52,5.66,3.63,21.34,5.97,2.49,9.24,23.46,1.67
266,All Night,24.68,20.26,8.08,8.93,1.98,6.07,7.5,6.02,13.07,3.41
267,라차타 (LA chA TA),9.17,26.78,6.13,7.48,7.39,18.93,2.93,7.89,5.79,7.51
268,"Umbrella (Feat. 효린 Of 씨스타, Gill Chang)",12.85,21.15,1.68,5.21,9.68,2.8,1.98,21.37,6.42,16.88
269,니가 뭔데 (Who You?),10.4,9.26,19.68,2.18,8.45,19.66,2.78,1.09,6.86,18.63
270,꿈이 뭐야 (Dream Chaser) (Feat. Dok2 & 크러쉬),12.05,2.21,3.91,11.95,19.38,5.85,2.79,4.87,10.92,24.09
271,Digital Lover (그레이 (GRAY) ver.),7.38,12.32,19.56,6.95,0.74,3.29,1.05,12.6,17.44,18.67
272,Moon Blue,5.63,25.58,11.27,14.1,9.68,17.79,2.69,3.01,6.16,4.08
273,하기나 해 (Feat. Loco),9.22,11.71,2.66,21.7,11.07,3.03,3.97,2.72,12.11,21.81
274,I Don't Love You (Feat. 쿠기),7.12,7.12,10.29,6.63,13.19,23.09,10.39,4.49,15.05,2.64
275,STAY THE NIGHT (Feat. DeVita),21.04,15.76,2.01,1.43,5.81,10.06,3.38,17.17,4.57,18.67
276,Summer Night (Remix) (Feat. Hoody),5.8,25.56,8.49,5.54,10.58,11,2.82,14.05,4.45,11.71
277,TMI,25.65,18.45,3.42,4.96,4.09,4.5,3.65,2.15,21.6,11.54
278,"잘 (I`m fine) (With 슬리피, 로꼬, Hoody)",16.11,20.11,0.91,14.16,1.15,3.49,5.54,3.71,12.49,22.35
279,깜빡 (Feat. Zion.T & Crucial Star),0.34,18.68,2.14,17.13,19.74,11.28,7.15,2.63,18.45,2.47
280,데려가줘 (Feat. MOON),20.49,25.71,5.02,3.35,13.18,10.47,3.98,4.2,8.3,5.3
281,썸머 (SOME MORE),16.28,20.02,0.79,6.86,3.79,19.6,1.83,1.5,11.52,17.82
282,"Sunday (Feat. 헤이즈 (Heize), 박재범)",19.34,6.16,19.14,10.78,7.77,6.74,1.66,10.78,16.56,1.07
283,"어디쯤에 (Feat. 수란 (SURAN), pH-1)",2.95,11.69,1.5,24.94,2.78,9.03,15.9,5.76,21.48,3.98
284,"Loyalty (Feat. 에일리, Dok2)",24.31,22.75,2.46,4.85,3.2,11.89,7.07,5.29,5.61,12.58
285,봄 사랑 벚꽃 말고,10.41,4.62,21.8,20.46,2.28,8.5,6.17,19.05,3.54,3.18
286,한강 (HANGANG),24.25,15.96,4.43,3.77,7.16,18.13,2.58,5.06,7.35,11.31
287,Like You,16.53,12.69,9.32,7.6,2,20.79,14.23,2.2,12.88,1.78
288,Let It Go,2.42,4.44,2.27,13.69,20.36,8.23,4.66,22.03,7.94,13.96
289,Into the Unknown,15,6.4,16.17,5.48,7.14,2.34,4.2,22.24,1.2,19.83
290,사랑을 했다 (LOVE SCENARIO),5.5,4.33,20.48,24.3,1.69,24.02,9.22,2.01,4.27,4.17
291,취향저격,22.19,22.31,0.88,1.15,1.19,3.19,15.62,7.39,18.44,6.84
292,LOCO,9.11,19.52,2.93,0.72,18.99,20.22,1.57,5.89,16.46,4.59
293,마.피.아. In the morning,4.28,26.52,4.94,4,9.28,18.16,10.21,9.3,6.32,6.99
294,Sorry Not Sorry,11.31,13.33,8.01,7.59,23.49,3.19,9.01,5.42,14.05,4.62
295,달라달라,3.72,21.25,2.16,2.6,16.09,19.71,9.75,6.35,16.68,1.68
296,ICY,12.22,23.79,2.45,3.59,19.21,10.54,1.93,9.44,1.72,15.11
297,WANNABE,9.36,6.51,4.95,6.84,27.64,3.6,6.35,4.74,26.99,3.01
298,Not Shy,5.63,19.73,16.65,5.22,10.96,8.18,2.21,17.96,11.22,2.24
299,ELEVEN,19.95,13.63,1.2,3.32,1.24,13.66,4.34,19.71,8.56,14.38
300,LOVE DIVE,6.27,21.98,2.26,1.13,20.22,5.34,4.64,16.29,10.73,11.14
301,라비앙로즈 (La Vie en Rose),26.53,21.21,8.82,9.74,12.2,1.61,6.56,2.32,9.31,1.69
302,Apollo 11 (Feat. 박재범),7,15.59,4.14,5.49,4.98,19.88,7.15,10.17,22.74,2.86
303,Numbers (Feat. 창모 (CHANGMO)),0.61,4.23,2.59,12.25,22.14,15.15,10.69,9.88,17.67,4.79
304,Rainy,7.88,4.92,25.15,24.04,3.12,6.24,3.58,4.86,18.36,1.85
305,Domino,7.41,25.54,11.82,13.64,4.1,15.56,5.13,4.47,7,5.33
306,Price Tag (Feat. B.o.B.),19.8,13.59,2.17,15.21,4.44,3.53,2.86,5.09,12.73,20.57
307,띵 (Prod. By 기리보이),2.53,8.22,14.59,27.05,5.35,6.81,3.87,6.86,20.37,4.36
308,Fadeaway,4.49,21.98,5.76,10.15,5.62,14.73,5.32,22.02,6.99,2.95
309,Oh NaNa (Hidden. 허영지),4.77,20.76,12.75,2.16,13.55,13.68,11.43,15.09,3.01,2.8
310,Don`t Recall,1.23,4.77,8.14,3.9,24.07,2.82,13.83,15.76,22.83,2.65
311,RUMOR,1.98,4.51,18.95,18.85,16.9,1.46,2.9,1.74,11.99,20.71
312,How Can You Realize?,18.36,12.26,5.41,13.03,2.56,22.33,2.22,2.95,2.75,18.12
313,IZAKAYA (Feat. Jvcki Wai),3.38,22.55,3.65,2.37,23.59,3.49,3.77,14.58,18.81,3.81
314,색 (Feat. MOON),5.22,8.71,2.87,23.69,3.3,24.67,3.14,3.42,20.55,4.44
315,한사람,4.06,3.39,12.9,17.65,2.32,14.43,1.71,1.26,22.01,20.28
316,해야할 일,7.32,18.2,4.76,20.37,1.35,21.83,5.39,3.41,14.81,2.56
317,마음 단단히 먹어 (Feat. 에일리),3.42,5.02,5.58,24.39,5.73,15.27,2.8,20.36,3.25,14.16
318,도망가자 (Feat. 린),2.81,10.77,8.71,3.11,6.72,5.34,3.67,24.85,14.99,19.03
319,"고장난 선풍기 (Feat. 개리, 효린 Of 씨스타)",16.35,17.24,11.94,24.61,2.72,3.51,2.99,6.27,3.93,10.44
320,Now,5.88,12.57,1.14,23.08,4.34,5.65,23.61,13.4,1.67,8.66
321,Day n Nite (Feat. 식케이 (Sik-K)),3.42,18.54,10.34,18.71,9.02,23.16,7.86,3.99,2.55,2.4
322,MILLION (Feat. DOK2),26.01,25.85,12.6,3.65,2.11,6.31,9.24,3.38,4.31,6.53
323,밤거리 (Feat. Zion.T),3.13,8.04,22.24,11.82,8.25,21.73,2.48,3.82,16.88,1.61
324,멀어져가,1.75,5.06,11.14,21.34,18.13,4.15,0.96,1.41,13.95,22.1
325,이 밤이 (Feat.  Vince),21.89,13.28,4.62,5.84,5.81,21.38,2.42,0.58,16.15,8.03
326,BOSS,6.11,20.56,8.91,6.86,2.07,4,8.04,18.39,20.02,5.03
327,Nerdy Love (Feat. 백예린),5.43,24.49,4.62,4.32,23.42,15.78,5.91,10.11,3.54,2.39
328,ANYMORE (feat. ASH ISLAND),4.78,20.53,7.1,19.99,2.9,15.65,1.99,3.29,2.86,20.92
329,"트루먼 쇼 Remix (Feat. 안병웅, Owen Ovadoz)",3.29,14.4,2.24,3.57,10.31,10.23,24.08,2.66,18.69,10.54
330,Good Day (Feat. 팔로알토) (Prod. 코드 쿤스트),22.81,17.93,2.49,7.67,3.88,11.52,2.9,6.47,1.87,22.24
331,HONEYMOON,20.54,7.85,5.7,17.32,2.55,18.96,18.34,5.58,1.61,1.54
332,MALIBU,21.18,14.98,0.75,4.9,10.6,7.69,9.54,1.1,7.55,21.69
333,ROSEMARY,8.3,26.06,5.23,22.32,3.98,16.11,5.46,4.63,2.93,4.98
334,ICELAND,8.89,18.15,16.27,1.5,5.36,13.46,0.83,15.79,16.87,2.86
335,ON-AIR (Feat. PLUMA),22.85,22.44,3.44,3.05,13.89,21.37,3.44,6,1.84,1.67
336,카누 (Feat. 비비 (BIBI)),7.2,13.87,6.63,4.35,5.97,10.31,14.88,3.37,13.3,20.13
337,"Yours (Feat. 이하이, 창모)",3.5,17.43,0.36,18.61,2.42,13.87,11.41,4.65,7.81,19.94
338,Psycho,15.96,7.93,2.71,0.55,9.57,2.55,16.04,8.15,20.94,15.58
339,Milky Way,26.83,13.93,5.73,14.1,2.94,12.33,6.57,5.66,6.04,5.88
340,Rookie,4.97,23.42,2.12,3.39,13.3,3.15,22.09,3.98,18.34,5.23
341,러시안 룰렛 (Russian Roulette),19.9,23.99,3.89,2.79,9.1,2.17,1.37,23.44,5.7,7.64
342,Ice Cream Cake,9.28,24.94,4.45,7.34,18.16,7.99,1.35,12.31,3.18,11.01
343,Automatic,22.1,18.89,1.91,16.49,2.21,3.84,0.91,3.62,13.93,16.08
344,Be Natural (Feat. SR14B `TAEYONG (태용)`),25.71,24.92,3.7,11.06,1.85,8.19,3.08,6.22,5.45,9.83
345,Bad Boy,2.36,12.43,23.7,20.54,2.91,4.92,2.97,15.27,6.67,8.41
346,Dumb Dumb,13.94,23.65,2.53,5.91,6.74,1.33,15.29,13.69,4.26,12.66
347,Time Slip,24.06,17.16,2.36,1.12,3.77,0.59,14.62,17.09,4.03,15.2
348,빨간 맛 (Red Flavor),23.51,23.66,1.49,3.65,7.83,16.24,0.64,0.67,11.5,10.81
349,7월 7일 (One Of These Nights),5.99,5.83,8.94,22.61,5.72,9.55,2.42,4.38,7.15,27.42
350,숨소리 (Breath) (Sung By 태연 (소녀시대) & 종현 (샤이니)),2.96,15.3,12.01,10.76,17.14,21.99,3.7,4.92,9.38,1.83
351,하루 (A Day Without You) (Sung By 종현 (샤이니) & CHEN (EXO)),4.71,4.79,3.42,6.97,23.47,22.04,1.44,2.04,24.29,6.84
352,SWEATY (Feat. Crush),21.7,20.61,2.33,19.41,1.01,20.94,2.16,3.33,5.91,2.59
353,ZGZG,13.9,19.16,4.06,4.54,5.56,14.91,1.23,4.89,16.9,14.85
354,Body Language (Feat. 범키),5.86,23.1,1.95,8.09,4.25,5.43,1.34,7.36,19.6,23.03
355,아는사람 얘기,6.36,2.89,24.29,23.42,6.31,14.06,7.6,4,7.95,3.12
356,Me You (Feat. 백예린 Of 15&),20.06,19.33,9.32,1.03,19.64,5.57,6.4,11.49,4.57,2.59
357,한여름밤의 꿀,9.06,23.49,12.08,4.58,13.55,21.6,1.18,3.93,7.8,2.74
358,Coach Me (Feat. 주헌),19.04,17.76,1.06,1.16,9.29,15.61,10.02,16.45,7.72,1.4
359,사랑하자,3.78,10.49,7.7,28.58,8.96,11.09,8.99,7.25,7.42,5.73
360,데리러 가 (Good Evening),21.18,24.1,4.15,9.9,4.3,22.89,1.26,4.24,1.65,6.32
361,Don't Call Me,13.28,17.98,3.29,2.25,3.53,4.18,1.26,14.88,20.31,19.03
362,Hello,25.85,10.24,1.6,4.62,5.2,5.85,3.79,17.36,1.55,23.95
363,산소 같은 너 (Love Like Oxygen),2.74,5.01,19.42,2.62,18.84,15.57,1.28,17.46,1.65,15.4
364,LFL (Feat. MELOH),14.38,14.07,3.81,7.46,10.05,23.79,4.87,3.58,12.93,5.07
365,"Party (Feat. Jhnovr, pH-1)",16.43,22.21,1.43,1.38,7.46,22,10.85,4.7,9.45,4.1
366,Distance (Sung By BoA),4.72,14.92,1.29,21.52,10.26,8.56,3.7,11.74,4.13,19.16
367,회전목마 (Feat. Zion.T & 원슈타인) (Prod. by Slom),12.36,26.01,7.44,12.17,6.05,16.15,10.51,2.97,1.56,4.77
368,SO BAD,4.8,19.83,13.32,0.24,10.86,4.55,11.48,3.21,19.35,12.36
369,ASAP,14.48,23.81,1.65,10.68,3.87,8.63,2.58,7.14,4.12,23.05
370,Blanket (Feat. 원슈타인),2.25,3.09,1.26,12.36,21.45,4.08,4.25,3.27,24.47,23.53
371,의식의 흐름 (Feat. 윤미래),4.17,20.9,2.84,18.35,11.74,12.72,21.88,0.7,2.93,3.77
372,전화끊지마 (Feat. pH-1),10.78,15.3,23.4,14.41,3.8,8.47,5.74,6.07,8.68,3.37
373,Relax Moment,6.06,14.92,20.21,9.73,5.06,20.06,0.54,8.06,11.82,3.54
374,Sunny,4.88,24.18,7.43,13.48,8.39,21.77,5.3,5.06,1.99,7.51
375,그놈의 별 (Feat. 헤이즈 (Heize)),7.23,20.31,22.71,21.92,6.17,9.62,4.5,1.09,1.75,4.71
376,널 기다리고 있을게,5.11,16.78,3.07,22.86,2.1,23.02,3.09,3.65,18.23,2.1
377,서핑해 (Surfin'),18.01,20.31,5.83,6.53,5.49,19.47,2.61,15.68,2.16,3.9
378,안녕?!,2.56,6.35,5.75,24.45,2.15,11.85,18.03,18.34,5.83,4.69
379,Memories... (Smiling Tears),17.69,2.62,5.01,20.96,4.12,19.87,1.17,6.06,2.35,20.15
380,검은 행복,11.05,3.02,18.93,21.35,12.9,16.03,5.23,1.12,7,3.38
381,ALWAYS,1.54,11.84,24.36,20.92,4.34,16.32,8.91,1.78,1.33,8.66
382,FANCY,2.55,25.09,6.22,6.08,21.98,9.71,4.67,2.91,9.8,10.99
383,Feel Special,10.11,17.43,4.4,11.86,3.12,12.71,12.87,11.3,2.59,13.61
384,CHEER UP,13.08,21.43,1.46,3.6,9.88,8.79,16.51,7.25,10.22,7.78
385,Dance The Night Away,13.69,24.57,18.24,3.34,14,6.23,1.61,5.15,5.07,8.1
386,OOH-AHH하게,1.32,21.04,3.37,17.88,5.72,10.51,6.78,4.32,12.49,16.56
387,TT,9.92,23.94,8.58,6.85,2.47,9.35,2.65,23.74,8.46,4.04
388,LIKEY,10.78,25.31,2.92,14.99,5.27,15.23,1.42,5.67,10,8.4
389,거북이,20.55,19.99,12.28,4.68,20.24,1.28,6.51,2.73,10.4,1.33
390,What is Love?,2.34,22.44,2.68,6.2,4.92,10.27,1.23,18.58,10.84,20.5
391,"결 (Feat. 다이나믹 듀오, BewhY)",23.77,9.93,2.17,15.73,2.58,8.58,10.35,4.55,16.99,5.35
392,아무때나 (Feat. 식케이 (Sik-K)),9.42,11.41,8.71,5.3,7.07,24.74,8.84,7.76,10.51,6.23
393,"Why do u say (Feat. MOON, ASH ISLAND)",3.43,2.62,21.23,21.79,19.83,1.3,13.15,3.26,9.46,3.93
394,EVERYDAY,26.04,25.5,5.4,5.26,3.27,6.23,6.14,1.68,15.77,4.71
395,센치해,4.17,1.45,25.42,10.48,4.51,3.36,7.16,9.36,24.22,9.87
396,REALLY REALLY,7.96,24.62,2.02,6.96,24.91,11.68,3.48,5.73,9.84,2.81
397,보고싶었어,1.34,13.22,3.6,18.18,19.05,21.32,3.47,1.74,13.39,4.7
398,그때 그 순간 그대로 (그그그),10.38,24.35,2.76,12.93,12.04,10.72,4.56,4.29,15.98,1.99
399,Clink Clink (클링 클링),19.39,25.36,6.89,6.13,17.88,7.52,1.64,8.33,2.8,4.07
400,Break Away,0.46,2.16,19.18,15.51,1.03,11.88,6.22,17.47,20.46,5.63
401,SMILEY (Feat. BIBI),4.74,8.03,1.47,2,2.35,6.45,21.64,21.47,15.63,16.23
402,Fatal Love,1.78,18,16.12,2.02,19,17.53,18.18,2.2,4.62,0.57
403,ONE MORE NIGHT,21.87,18.92,15.17,1.75,10.8,1.03,1.33,19.7,4.79,4.87
404,WHAT DO YOU KNOW ABOUT ME,4.78,11.25,2.5,3.42,17.47,7.59,9.64,20.58,10.9,11.87
405,Long Long Time!,26.29,20.1,1.22,7.78,9.1,9.97,0.87,4.7,3.7,16.26
406,Colors,13.76,13.1,1.06,3.17,21.29,6.73,1.22,3.52,20.08,16.06
407,RUBBER DUCK,16.91,18.86,5.56,17.17,0.79,18.7,9.93,1.37,0.94,9.76
408,Liquor (Feat. Jvcki Wai),7.48,13.21,0.31,11.1,2.29,1.64,19.75,13.78,19.13,11.32
409,꺼내 먹어요,3.44,10.96,16.59,10.4,2.43,11.06,3.95,1.08,15.66,24.42
410,No Make Up,4.8,27.29,6.39,7.79,27.02,5.84,3.09,3.41,8.16,6.21
411,영화관,22.86,15.33,5.26,5.92,3.25,12.53,5.85,3.84,5.48,19.67
412,노래,8.65,21.74,1.26,5.41,18.19,21.64,15.35,1.42,2.97,3.36
413,미안해 (feat. Beenzino),4.57,10.67,5.3,9.35,1.62,19.63,19.54,5.82,3.01,20.5
414,Complex (feat. G-DRAGON),4.97,22.18,2.99,9.02,25.11,2.01,5.35,2.33,17.15,8.87
415,쿵 (Knock),9.42,25.87,7.8,6.61,11.17,18.57,4.07,5.91,5.02,5.56
416,양화대교,7.69,24.62,6.11,16.99,3.67,24.51,7.78,2.99,3.09,2.55
417,Kiss Me,14.16,26.83,6.12,10.94,3.67,14.32,2.78,7.08,5.34,8.76
418,그냥 (Just),5.05,6.14,3.49,2.27,17.34,13.27,7.63,21.91,21.8,1.11
419,Apple (Feat. 박재범),4.04,12.82,1.15,18.93,1.67,8.38,2.42,13.81,16.84,19.93
420,Paradise Lost,7.58,6.99,12.42,2.94,20.02,20.4,1.21,16.03,10.86,1.54
421,돌이킬 수 없는,1.64,11.16,3.31,23.69,2.1,8.12,22.06,4.07,21.27,2.58
422,피어나,6.44,26.2,8.81,5.24,15.97,14.29,6.5,7.93,4.34,4.29
423,진실 혹은 대담,2.94,16.91,1.55,6.46,20.73,18.92,2.3,0.93,9.63,19.63
424,노스텔지아 (Feat. 에릭),25.76,15.79,3.95,7.31,4.53,4.93,6.35,19.36,5.81,6.23
425,Running,14.62,24.56,4.62,8.57,12.1,20.3,4.51,4.82,3.27,2.63
426,사랑해서 그래,4.27,9.22,23.85,14.38,4.59,15.94,3.26,6.57,15.71,2.22
427,SELFISH,6.45,7.49,17.76,0.66,18.42,17.49,4.7,9.51,15.45,2.07
428,바람이나 좀 쐐 (Feat. MIWOO),4.57,11.96,23.56,12.84,4.52,11.44,1.71,4.64,10.72,14.03
429,"화장 지웠어 (Feat. Zion.T, HA_TFELT) (No Make Up)",13.93,3.73,2.58,3.39,9.73,24.62,3.68,8.99,5.11,24.27
430,바빠서 (Feat. 헤이즈 (Heize)),2.2,13.43,2.96,20.16,4.96,8.81,20.84,3.44,22.38,0.82
431,Wake Up (Prod. 코드 쿤스트),18.43,13.05,12.6,7.51,1.6,5.37,3.39,4.91,23.72,9.42
432,마음이 그래,3.44,3.09,10.66,22.57,2.35,7.87,19.94,11.27,12.62,6.18
433,새벽을 믿지 말자,8.41,20.55,3.15,24.66,2.91,22.69,5.66,3.74,4.33,3.9
434,어른아이,4.37,19.94,2.81,11.83,4.38,22.93,20.22,1.95,5.8,5.8
435,Trap,0.54,5.53,17.7,19.63,11.76,16.97,4.65,1.16,21.26,0.81
436,기억상실,3.09,13.89,4.49,21.5,0.79,22.03,2.91,8.34,2.51,20.45
437,날 그만 잊어요 (With Guitar),2.1,17.33,14.61,14.82,0.8,18.35,15.61,1.97,13.55,0.86
438,친구라도 될 걸 그랬어,1.82,6.77,6.84,26.53,8.57,15.12,8.3,6.09,13.28,6.69
439,Because Of You,1.41,6.01,18.7,24.39,1.87,23.51,9.55,2.11,3.97,8.48
440,남자라서,16.78,5.58,21.09,3.73,1.81,14.07,6.29,20.89,4.99,4.76
441,내 생각날 거야 (Narr. 이시영),7.93,1.75,12.94,16.51,3.42,20.92,11.33,10.71,3.74,2.76
442,구르미 그린 달빛,22.37,15.45,2.96,4.78,1.67,8.07,3,15.34,4.38,22.01
443,My Love,14.92,24.67,4.55,17.5,2.41,19.57,2.87,3.79,3.26,6.47
444,사랑은 없다,1.01,9.28,0.39,3.55,11.09,21.57,21.13,4.5,6.61,20.87
445,You Are My Everything,18.66,4.74,22.54,21.01,6.04,10.7,1.68,1.56,1.98,11.1
446,Loveholic,21.18,21.05,16.22,7.44,0.89,14.75,1.31,0.8,3.79,12.56
447,I Love You,8.24,22.22,3.39,23.23,1.48,22.34,3.07,2.04,11.54,2.45
448,기억해줘요 내 모든 날과 그때를,5.15,6.31,8.79,26.6,5.55,3.94,3.93,12.31,22.93,4.49
449,러브 레시피,5.9,24.32,5.31,1.61,23.94,2.91,4.55,11.07,8.72,11.68
450,질투나,5.23,8.78,14.51,7.55,9.37,6.42,7.79,4.83,27.88,7.64
451,Darling,6.29,24.52,15.08,15.57,5.92,4.4,6.22,6.09,7.43,8.47
452,링마벨 (Ring My Bell),16.79,26.58,5.03,9.27,4.33,5.89,3.17,8.92,4.41,15.61
453,잘해줘봐야,5.24,16.33,16.25,0.94,10.46,18.76,8.57,18.18,4.34,0.94
454,반짝반짝,13.97,25.98,4.13,1.39,13.22,11.06,16.87,4.48,6.68,2.21
455,"너, 한눈 팔지마!",4.06,13.76,7.64,3.98,5.18,4.6,8.16,2.27,23.98,26.37
456,나를 잊지마요,10.77,21.81,11.12,22.52,1.13,13.82,5.73,3.94,2.55,6.61
457,Something,1.08,12.58,22.15,5.33,6.05,3.36,13.79,8.58,19.08,7.99
458,기대해,4.03,23.58,5.94,8.3,14.66,23.07,2.78,4.48,11.7,1.46
459,여자 대통령,5.91,22.89,4.02,7.54,9.72,22.8,2.01,6.41,13.13,5.57
460,밤하늘의 별을(2020),21.31,24.88,10.01,4.61,1.91,9.35,2.89,3.24,9.06,12.74
461,"Gloomy Star (Feat. 1ho, Chan)",0.66,6.66,24.39,8.81,3.39,10.64,0.96,10.82,20.04,13.63
462,똑같았을거야 (Feat. Chan),3.91,9.7,22.76,22.97,1.61,21.6,7.38,1.52,7.56,1
463,"오늘,비 (feat. 1ho, Chan)",4.47,3,26.02,4.76,26.1,17.49,1.49,6.53,8.34,1.8
464,내가 더 많이 널 사랑해서,18.49,18.71,10.58,1.67,0.83,7.26,18.78,7.07,14.47,2.12
465,인셉션 (feat. 1ho & Chan),11.22,10.76,4.71,10.86,1.54,13.95,3.81,22.79,5.39,14.95
466,파란섬 (feat. 1ho & Chan),17.6,25.22,6.03,12.54,3.33,16.61,2.4,7.42,3.72,5.13
467,"계절 (feat. Chan, Sun)",1.56,4.27,4.19,15.25,14.54,20.54,2.97,5.64,8.08,22.96
468,심술 (Feat. 0back),1.52,2.62,5.05,1.2,20.13,20.21,4.23,11.15,18.45,15.43
469,Fly away,4.93,11.25,3.54,1.55,7.07,14.6,11.16,10.24,24.91,10.74
470,KNOCK (With 박문치),21.81,25.42,2.52,2.6,10.67,11.61,12.46,9.03,3.34,0.53
471,씨스루,13.81,20.43,6.01,8.07,3.6,14.9,7.72,2.33,17.12,6.01
472,Silly Silly Love,5.04,8.98,3.78,7.88,17.01,17.4,4.88,1.65,8.89,24.49
473,Pink!,16.19,6.16,0.92,2.89,1.17,19.23,13.37,6.93,15.64,17.49
474,흘러가자,5.4,1.13,4.97,13.8,3.89,21.03,8.76,21.52,10.04,9.46
475,24시간이 모자라,25.25,7.41,6.12,4.11,5.98,4.64,3.67,11.12,19.53,12.19
476,운이 좋았지,4.38,7.35,20.3,24.76,4.92,18.73,8.24,1.27,8.71,1.34
477,뭔가 잘못됐어,22.09,20.26,11.84,8,1.44,11.91,14.49,1.27,5.6,3.1
478,Lonely Night,0.5,11.27,19.87,16.78,12.93,19.81,1.8,3.93,11.41,1.68
479,별처럼,2.16,7.21,9.36,25.03,1.51,5.75,2.47,5.22,23.62,17.67
480,오늘 뭐 했는지 말해봐,18.65,14.05,14.72,24.13,3.3,2.76,8.76,4.11,6.68,2.87
481,우리의 방식,8.12,17.18,1.62,3.55,1.43,21.1,20.33,7.78,10.2,8.69
482,잘 가,10.49,10.93,5.73,18.05,5.17,24.42,4.98,7.33,6.15,6.77
483,꽃말,16.85,15.93,3.69,18.61,1.68,8.56,2.63,25.14,1.9,5.01
484,You already have,7.79,14.34,6.71,22.88,2.13,22.23,3.62,3.45,5.38,11.46
485,어른처럼 (With. 죠지),12.4,19.03,1.53,7.78,4.07,21.13,13.36,8.62,8.99,3.08
486,여행가,16.13,4.19,10.99,4.35,12.59,9.88,3.01,4.55,27.07,7.24
487,지그재그,2.5,16.71,6.44,22.16,20.13,16.33,11.58,1.06,1.58,1.5
488,끝,0.89,9.36,5.61,6.83,13.28,20.46,20.87,19.26,1.33,2.12
489,쪽쪽,4.16,20.45,2.22,0.61,21.43,2.12,16.78,15.2,8.45,8.57
490,야! (Feat. Babylon),2.82,21.12,5.84,20.95,14.52,21.58,1.38,1.42,8.85,1.52
491,스물,4.87,20.06,20.11,16.03,8.11,14.97,11.51,0.45,3.16,0.73
492,이별 뒷면,10.93,9.37,5.93,23.08,2.33,24.71,3.79,3.77,11.02,5.07
493,이번 겨울,10.07,24.23,4.33,5.76,3.08,19.49,4.61,15.12,5.6,7.72
494,Y (Prod. AVIN),9.9,2.2,24.38,10.29,5.32,19.55,2.82,6.18,3.85,15.51
495,여기까지,17,12.38,2.43,8.7,6.37,9.52,23.38,7.66,5.04,7.52
496,삼다도 소식,25.7,17.77,5.93,10.64,6.38,15.84,0.64,0.47,15.4,1.24
497,광화문에서 (At Gwanghwamun),6.77,0.65,20.37,12.36,1.24,19.95,18.08,4.04,6.57,9.97
498,블라블라 (Prod.by 윤종신),23.56,3.95,21.06,5.2,11.68,17.01,6.42,5.06,4.42,1.63
499,다시 만나는 날 (Goodbye for now),4.21,3.8,1.3,8.31,16.01,21.22,21.82,14.73,2.32,6.28
500,밀리언조각 (A Million Pieces),2.57,23.19,6.01,23.86,2.85,19.57,6.2,6.6,2.28,6.87
501,"어디쯤에 (Feat. 수란 (SURAN), pH-1)",2.95,11.69,1.5,24.94,2.78,9.03,15.9,5.76,21.48,3.98
502,follow the light (Feat. Hoody),20.88,22.84,8,6.41,19.16,1.66,5.04,5.05,8.81,2.14
503,Palette (Feat. pH-1),4.44,11.86,6.85,7.28,27.35,3.83,16.81,3.97,10.16,7.46
504,"My Paradise (Feat. 청하, VINXEN)",0.68,4.53,19.93,24.58,8.86,18.14,8.08,1.71,5.75,7.74
505,"행성 (This Night) (Feat. Blue.D, Jhnovr)",4.12,16.76,21.02,25.31,5.03,5.94,4.5,4.04,2.52,10.76
506,교통정리 (Feat. 헤이즈 (Heize)),21.37,20.46,1.3,1.47,4.38,10.89,9.41,21.48,3.61,5.63
507,"아퍼 (Band Ver.) (Feat. 영비, YUNHWAY, Lil tachi, 한요한, JUSTHIS, 스윙스)",11.24,1.17,19.02,2.42,18.08,9.77,1.38,14.09,2.1,20.73
508,연기 (With 헤이즈 (Heize)),1.22,11.91,13.22,14.1,16.72,21.02,3.73,1.45,15.33,1.3
509,을 (Feat. BIG Naughty (서동현)),12,23.27,2.19,2.94,19.71,10.32,1.13,6.08,10,12.35
510,와츠롱 (Feat. YUNHWAY),4.43,13.32,4.08,0.61,15.95,12.9,2.43,25.04,2.72,18.52
511,"거지 (Feat. YUNHWAY, Jhnovr, JUSTHIS)",14.34,7.03,5.78,22.97,3.39,3.47,18.79,15.86,3.13,5.25
512,호랑이소굴 (Feat. Jvcki Wai),12.5,3.31,0.55,7.47,10.22,6.52,18.07,2.97,19.28,19.1
513,flex (Prod. by 기리보이),17.9,16.64,4.69,0.87,16.26,3.61,6.23,15.59,1.75,16.46
514,Wash Away (Feat. 에일리),17.22,14.73,9.69,22.22,3.12,19.73,6.9,1.93,2.9,1.56
515,어땠을까,19.23,16.29,6.29,14.12,1.08,21.69,8.01,3,6.46,3.83
516,Advice (Feat. John Park),10.31,5.27,3.15,1.68,1.77,20.21,20.44,15.44,9.06,12.68
517,꾸러기 (Groggy),11.31,6.24,1.2,4.13,17.44,21.13,1.52,13.03,21.07,2.92
518,Fall Away,6.34,4.1,8.46,18.86,1.13,21.37,13.2,2.4,2.12,22.04
519,하루하루,3.79,6.69,6.52,26.48,6.92,13.44,3.64,9.82,16.01,6.7
520,Like a child,4.13,26.04,9.99,11.95,15.7,11.54,2.81,4.21,9.16,4.46
521,내가 미친년이야,4.52,11.33,9.95,14.65,6.45,23.86,8.67,2.97,13.11,4.5
522,티라미수 케익 (Feat. 최유리),5.03,25.64,6.81,14.83,5.34,12.72,2.5,7.88,4.72,14.53
523,해독제,0.96,2.12,15.29,20.59,17.27,14.56,2.5,3.5,21.76,1.45
524,따르릉,4.02,23.63,1.64,2.51,17.11,13.67,10.42,5.39,18.07,3.54
525,안되나용,3.18,4.87,24.49,18.35,7.17,6.35,10.76,2.35,20.65,1.83
526,컬러링,4.56,5.64,17.25,7.44,2.88,6.51,7.57,22.57,1.45,24.13
527,All Right,17.51,3.02,17.99,19.49,20,2.31,6.52,4.26,6.56,2.34
528,Going Home,2.85,6.82,5.53,27.52,9.98,14.72,6.76,4.69,16.39,4.74
529,담,1.72,5.31,6.03,13.9,3.74,21.95,23.1,3.71,16.19,4.35
530,목소리,9.12,5.94,6.59,5.35,4.35,23.69,23.78,8.56,9.49,3.12
531,"사랑, 지나고 나면 아무 것도 아닐 마음의 사치",1.18,1.77,8.03,18.33,18.58,10.32,1.79,20.44,18.41,1.15
532,야상곡,3.94,10.55,5.47,24.45,10.76,24.6,1.34,2.21,9.87,6.81
533,봄이 오면 (Guitar ver.),24.19,6.45,6.15,23.47,4.11,21.42,2.87,3.73,4.09,3.54
534,강,8.11,16.12,21.99,21.88,1.34,20.15,1.76,1.58,4.28,2.78
535,살다가,2.89,21.9,4.44,12.53,5.08,22.35,2.98,5.47,18.19,4.16
536,잘 된 일이야,16.78,15.64,11.75,23.18,1.86,9.45,6.56,3.51,8.14,3.12
537,길에서,9.33,14.01,18.18,25.94,4.22,11.43,6.13,3.23,4.38,3.16
538,한강앞에서,5.22,17.63,10.06,3.17,9.31,21.82,7.02,9.17,14.93,1.67
539,다이어리,1.58,17.63,12.75,22.47,9.48,20.63,6.04,0.95,7.47,1
540,마음이 다쳐서 (Feat. Crown J),9.42,13.92,10.79,21.55,2.55,23.85,8.16,1.68,3.58,4.5
541,불치병 (Feat. 키비 Of 이루펀트),2.35,5.79,13.48,21.83,3.94,23.7,18.09,2.48,3.06,5.27
542,집에 안갈래 (Feat. 긱스),1.78,25.74,6.44,4.63,2.03,14.61,8.13,6.93,24.84,4.87
543,돌스 (Dolls),1.6,4.48,12.5,26.44,10.62,14.74,12.66,3.08,8.16,5.71
544,드라마 (DRAMA),5.38,9.26,21.44,13.08,17.5,14.08,3.88,2.98,11.11,1.3
545,와일드 (Wild),7.93,26.36,4.74,9.68,4.18,17,3.88,4.75,13.24,8.25
546,Wu,22.21,15.29,19.03,4.55,1.15,2.05,4.89,9.11,18.82,2.91
547,N분의1 (Feat. 다이나믹듀오),2.85,22.25,4.27,11.86,7.01,9.4,8.42,13.13,0.93,19.89
548,기억을 걷는 시간,19.58,23.09,3.79,23.24,1.34,5.17,9.98,3.09,7.43,3.29
549,그리워 그리워,6.37,18.15,12.41,23.97,4.38,22.95,2.92,3.36,1.32,4.17
550,목소리,1.73,2.75,10.65,24.68,4.88,22.71,3.17,2.47,24.2,2.77
551,잊혀진다는 거,2.2,5.55,18.99,23.23,5.87,23.37,3.27,7.73,4.73,5.06
552,WHERE YOU AT,2.42,23.23,2.63,23.26,5.06,22.69,6.57,4.29,2.61,7.25
553,Dejavu,22.47,19.34,19.97,1.95,1.71,12.04,3.63,9.12,5.02,4.76
554,2easy (Feat. 헤이즈 (Heize)),18.62,18.9,15.68,3.91,13.55,19.05,0.92,0.81,5.35,3.22
555,세상 모든게 다 너야,15.51,21.44,5.22,13.18,1.72,3.29,7.32,12.62,15.18,4.5
556,"시행착오 (Feat. 베이빌론, 민아)",24.59,24.89,3.18,8.98,1.93,24.4,2.43,1.9,3.22,4.49
557,날개 (Angel),1.99,16.53,5.03,21.48,3.48,9.7,23.54,1.72,3.49,13.04
558,Jamie Cullum,8.41,12.03,1.39,22.29,12.61,2.28,4.52,15.81,11.73,8.93
559,Navigation (Feat. 헤이즈 (Heize)),3.3,23.99,6.86,24.2,2.28,13.86,13.71,4.92,1.14,5.72
